2023年7月12日
2307220000
2307220000
2307230000
2307240000
2307270000
2307270000
2307290000
2307300000
2307300000
2308030000
2308030000
2308030000
2308040000
2308050000
2308050000
2308060000
2308060000
2308070000
2308080000
2308090000
2308120000
2308120000
2308120000
2308140000
2308150000
2308160000
2308170000
2308180000
2308180000
2308200000
2308200000
2308210000
2308210000
2308220000
2308250000
2308260000
2308261600
2308270300
2308300024
2308302354
2308312313
2309020026
2309030109
2309031157
2309052217
2309062319
2309072058
2309090023
2309091934
2309092316
2309120121
2309130056
2309132352
2309142321
2309160211
2309162332
2309180301
2309192222
2309200204
2309202350
2309230112
2309231000
2309240940
2309260109
2310100000
2310120057
2310122243
2310132303
2310140943
2310150051
2310151135
2310162234
2310170040
2310222239
2310252356
2310272139
2310272254
2310290147
2310291151
2310291627
2310302313
2310312303
2311010033
2311050153
2311051032
2311072239
2311082243
2311100135
2311152130
2311152340
2311170101
2311191046
2311191236
2311261120
2311290034
2311300055
2312012357
2312030133
2312060108
2312070042
2312130054
2312140053
2312142129
2312150035
2312152321
2312170003
2312192245
2312192329
2312200135
2312210014
2312220004
2312230034
2312231126
2312260025
2312262214
2312270028
2312282331
2312290116
2312292354
2312302004
