20260103120101
20260103180101
20260104220101
20260105210101
20260106230101
20260110230101
20260111230101
20260113230101
20260114210101
20260115220101
20260118220101
20260119220101
20260120220101
20260124220101
20260125150101
20260125180101
20260127210101
20260128210101
20260129210101
20260209140101
20260210150101
20260214154001
20260217164001
20260218174001
20260219184001
20260221194001
20260223204001
20260225214001
20260227224001
20260301234001
20260302234001
20260303234001
20260305234001
20260307214001
20260307234001
20260308214001
20260308234001
20260309234001
20260311234001
20260312234001
20260314234001
